# oST version 5.0 parameters


[image]

width
640

height
360

[narrow_stereo]

camera matrix
581.819665 0.000000 317.232642
0.000000 580.039815 208.065510
0.000000 0.000000 1.000000

distortion
-0.567821 0.365933 -0.011924 -0.002180 0.000000

rectification
1.000000 0.000000 0.000000
0.000000 1.000000 0.000000
0.000000 0.000000 1.000000

projection
475.701508 0.000000 313.465990 0.000000
0.000000 545.388000 208.456852 0.000000
0.000000 0.000000 1.000000 0.000000
